0.000000
0.000000
0.000000
0.000000
0.000000
0.000000
0.001000
0.000000
0.001000
0.001000
0.001000
0.001000
0.002000
0.002000
0.002000
0.002000
0.003000
0.003000
0.004000
0.004000
0.005000
0.005000
0.006000
0.005000
0.006000
0.007000
0.007000
0.008000
0.008000
0.008000
0.009000
0.010000
0.010000
0.011000
0.012000
0.012000
0.013000
0.014000
0.015000
0.015000
0.016000
0.017000
0.018000
0.018000
0.020000
0.020000
0.020000
0.022000
0.023000
0.024000
0.024000
0.025000
0.026000
0.027000
0.028000
0.030000
0.030000
0.032000
0.033000
0.033000
0.035000
0.036000
0.038000
0.038000
0.040000
0.041000
0.043000
0.045000
0.046000
0.052000
0.048000
0.049000
0.052000
0.054000
0.056000
0.053000
0.056000
0.057000
0.062000
0.063000
0.061000
0.064000
0.064000
0.066000
0.067000
0.068000
0.071000
0.080000
0.078000
0.075000
0.077000
0.079000
0.081000
0.083000
0.084000
0.087000
0.087000
0.089000
0.093000
0.108000
0.101000
0.107000
0.126000
0.108000
0.103000
0.105000
0.105000
0.108000
0.112000
0.114000
0.115000
0.118000
0.119000
0.121000
0.124000
0.134000
0.133000
0.132000
0.133000
0.134000
0.137000
0.138000
0.142000
0.143000
0.146000
0.147000
0.151000
0.171000
0.180000
0.157000
0.160000
0.164000
0.167000
0.169000
0.174000
0.172000
0.172000
0.179000
0.181000
0.187000
0.185000
0.188000
0.189000
0.200000
0.194000
0.199000
0.202000
0.203000
0.206000
0.233000
0.236000
0.219000
0.216000
0.218000
0.225000
0.230000
0.233000
0.233000
0.233000
0.235000
0.241000
0.242000
0.244000
0.251000
0.251000
0.258000
0.270000
0.267000
0.263000
0.269000
0.306000
0.278000
0.283000
0.280000
0.283000
0.283000
0.287000
0.290000
0.295000
0.305000
0.302000
0.306000
0.308000
0.310000
0.315000
0.316000
0.322000
0.321000
0.335000
0.339000
0.340000
0.348000
0.348000
0.353000
0.349000
0.364000
0.360000
0.368000
0.368000
0.372000
0.372000
0.388000
0.383000
0.388000
0.410000
0.402000
0.403000
0.404000
0.444000
0.413000
0.420000
0.421000
0.424000
0.423000
0.429000
0.440000
0.446000
0.446000
0.446000
0.466000
0.482000
0.461000
0.460000
0.468000
0.479000
0.472000
0.486000
0.482000
0.485000
0.495000
0.505000
0.502000
0.507000
0.504000
0.514000
0.518000
0.518000
0.527000
0.523000
0.528000
0.537000
0.574000
0.556000
0.571000
0.575000
0.570000
0.570000
0.582000
0.589000
0.590000
0.592000
0.591000
0.595000
0.609000
0.620000
0.620000
0.615000
0.637000
0.625000
0.625000
0.634000
0.635000
0.637000
0.642000
0.656000
0.663000
0.656000
0.664000
0.664000
0.668000
0.674000
0.678000
0.685000
0.688000
0.694000
0.699000
0.702000
0.708000
0.713000
0.719000
0.723000
0.727000
0.734000
0.747000
0.743000
0.749000
0.764000
0.758000
0.768000
0.808000
0.785000
0.797000
0.849000
0.868000
0.873000
0.882000
0.819000
0.826000
0.837000
0.855000
0.855000
0.945000
0.886000
0.864000
0.902000
0.884000
0.914000
0.884000
0.904000
0.904000
0.907000
0.919000
0.914000
0.923000
0.949000
0.935000
0.963000
0.948000
0.954000
0.978000
0.963000
0.957000
0.978000
0.995000
0.975000
0.980000
1.002000
1.022000
1.037000
1.018000
1.034000
1.068000
1.093000
1.070000
1.061000
1.042000
1.085000
1.076000
1.073000
1.097000
1.147000
1.094000
1.098000
1.100000
1.104000
1.118000
1.112000
1.136000
1.121000
1.143000
1.159000
1.165000
1.168000
1.175000
1.164000
1.182000
1.198000
1.195000
1.240000
1.220000
1.236000
1.235000
1.226000
1.237000
1.255000
1.268000
1.258000
1.271000
1.276000
1.277000
1.276000
1.303000
1.367000
1.318000
1.307000
1.318000
1.311000
1.352000
1.359000
1.337000
1.338000
1.351000
1.367000
1.375000
1.366000
1.370000
1.423000
1.404000
1.434000
1.422000
1.504000
1.515000
1.519000
1.450000
1.487000
1.544000
1.546000
1.506000
1.482000
1.547000
1.565000
1.530000
1.546000
1.610000
1.535000
1.537000
1.555000
1.633000
1.572000
1.571000
1.566000
1.652000
1.603000
1.707000
1.660000
1.607000
1.651000
1.639000
1.666000
1.659000
1.660000
1.675000
1.746000
1.680000
1.709000
1.687000
1.716000
1.742000
1.791000
1.735000
1.829000
1.809000
1.760000
1.770000
1.758000
1.775000
1.775000
1.834000
1.788000
1.841000
1.819000
1.917000
1.825000
1.889000
1.869000
1.854000
1.940000
1.878000
1.911000
1.897000
1.885000
1.971000
1.962000
1.945000
1.934000
1.996000
1.947000
2.020000
1.976000
1.984000
1.965000
1.973000
1.996000
1.997000
1.997000
1.999000
2.018000
2.033000
2.064000
2.071000
2.092000
2.099000
2.150000
2.099000
2.121000
2.141000
2.149000
2.168000
2.197000
2.244000
2.204000
2.186000
2.221000
2.158000
2.174000
2.194000
2.213000
2.233000
2.230000
2.232000
2.250000
2.291000
2.252000
2.322000
2.261000
2.287000
2.341000
2.355000
2.375000
2.337000
2.384000
2.401000
2.399000
2.476000
2.546000
2.384000
2.501000
2.437000
2.441000
2.484000
2.420000
2.462000
2.386000
2.458000
2.531000
2.522000
2.580000
2.703000
2.533000
2.576000
2.616000
2.627000
2.562000
2.530000
2.563000
2.594000
2.615000
2.616000
2.650000
2.647000
2.614000
2.588000
2.600000
2.609000
2.622000
2.635000
2.640000
2.645000
2.658000
2.666000
2.669000
2.688000
2.698000
2.716000
2.722000
2.727000
2.752000
2.748000
2.759000
2.766000
2.780000
2.766000
2.797000
2.814000
2.817000
2.826000
2.853000
2.846000
2.855000
2.857000
2.877000
2.892000
2.900000
2.907000
2.922000
2.918000
2.939000
2.952000
2.957000
2.975000
2.983000
2.996000
3.002000
2.990000
3.021000
3.008000
3.042000
3.056000
3.065000
3.075000
3.085000
3.058000
3.124000
3.118000
3.078000
3.138000
3.152000
3.159000
3.173000
3.184000
3.192000
3.165000
3.214000
3.247000
3.240000
3.254000
3.247000
3.275000
3.286000
3.305000
3.298000
3.343000
3.368000
3.338000
3.374000
3.358000
3.369000
3.411000
3.329000
3.407000
3.411000
3.369000
3.437000
3.455000
3.440000
3.477000
3.481000
3.547000
3.504000
3.520000
3.536000
3.544000
3.510000
3.550000
3.568000
3.591000
3.527000
3.618000
3.551000
3.633000
3.652000
3.656000
3.695000
3.701000
3.835000
3.864000
3.803000
3.694000
3.753000
3.750000
3.752000
3.770000
3.793000
3.791000
3.804000
3.828000
3.981000
3.927000
3.982000
3.982000
3.977000
4.001000
4.017000
3.927000
3.953000
4.061000
4.042000
4.060000
4.083000
4.093000
4.101000
4.064000
4.153000
4.167000
4.909000
4.697000
5.093000
4.847000
5.415000
5.082000
4.657000
4.760000
4.637000
4.372000
4.422000
4.411000
4.407000
4.429000
4.583000
4.420000
4.452000
4.570000
4.470000
4.492000
4.550000
4.906000
4.865000
5.102000
5.006000
4.676000
4.792000
5.123000
5.400000
4.823000
5.251000
4.650000
5.338000
5.202000
4.686000
4.715000
4.731000
4.792000
4.757000
4.818000
4.772000
4.869000
4.961000
4.856000
4.868000
5.133000
4.842000
4.917000
5.264000
5.294000
4.934000
4.961000
4.995000
4.988000
5.953000
5.726000
5.751000
5.445000
5.267000
5.185000
5.213000
5.631000
5.126000
5.153000
5.084000
5.149000
5.154000
5.141000
5.166000
5.160000
5.169000
5.274000
5.199000
5.213000
5.250000
5.238000
5.309000
5.261000
5.313000
5.325000
5.307000
5.314000
5.323000
5.373000
5.359000
5.400000
5.427000
5.440000
5.432000
5.617000
5.457000
5.464000
5.521000
5.528000
5.538000
5.540000
5.539000
5.561000
5.542000
5.585000
5.601000
5.594000
5.657000
5.773000
5.659000
5.678000
5.726000
5.739000
5.667000
5.773000
5.742000
5.969000
5.837000
5.751000
5.812000
5.814000
5.786000
5.836000
5.836000
5.853000
5.874000
5.888000
5.888000
5.986000
5.953000
5.956000
5.961000
5.981000
6.004000
6.012000
5.978000
6.010000
6.058000
6.074000
6.099000
6.288000
6.067000
6.130000
6.117000
6.101000
6.144000
6.154000
6.176000
6.219000
6.227000
6.233000
6.265000
6.630000
6.479000
6.413000
6.348000
6.437000
7.516000
7.608000
6.576000
6.376000
6.453000
6.365000
6.236000
6.217000
6.233000
6.188000
6.305000
6.320000
6.322000
6.323000
6.374000
6.339000
6.347000
6.416000
6.376000
6.415000
6.406000
6.422000
6.456000
6.457000
6.465000
6.480000
6.495000
6.518000
6.524000
6.546000
6.397000
6.467000
6.573000
6.605000
6.565000
6.663000
6.573000
6.727000
6.682000
6.696000
6.711000
6.710000
6.748000
6.763000
6.701000
6.845000
6.816000
6.829000
6.943000
7.054000
6.880000
6.868000
6.987000
6.925000
6.944000
6.931000
6.960000
6.995000
7.016000
6.982000
7.042000
7.050000
7.324000
7.307000
7.074000
7.018000
7.084000
7.141000
7.158000
7.050000
7.255000
7.115000
7.314000
7.403000
7.489000
7.273000
7.295000
7.307000
7.209000
7.348000
7.359000
7.377000
7.384000
7.214000
7.275000
7.299000
7.399000
7.692000
7.619000
7.507000
7.517000
7.534000
7.552000
7.462000
7.583000
7.624000
7.633000
7.721000
7.831000
7.721000
7.726000
7.734000
7.751000
7.771000
7.780000
7.803000
7.824000
7.832000
7.859000
7.867000
7.884000
7.905000
7.928000
7.932000
7.949000
7.968000
7.994000
8.008000
8.023000
8.037000
8.053000
8.130000
8.179000
8.132000
8.133000
8.163000
8.338000
8.287000
8.138000
8.173000
8.217000
8.244000
8.290000
8.299000
8.289000
8.294000
8.344000
8.236000
8.339000
8.358000
8.371000
8.391000
8.404000
8.420000
8.471000
8.547000
8.544000
8.543000
8.515000
8.597000
8.550000
8.595000
8.678000
8.596000
8.679000
8.939000
8.802000
8.733000
8.694000
8.721000
8.736000
8.719000
8.904000
8.959000
8.912000
8.846000
8.884000
8.846000
8.855000
8.862000
8.889000
9.004000
9.105000
8.954000
8.825000
9.097000
9.054000
9.051000
9.002000
9.008000
8.866000
9.045000
9.071000
9.123000
