0.000000
0.000000
0.000000
0.001000
0.000000
0.001000
0.001000
0.000000
0.001000
0.001000
0.001000
0.001000
0.002000
0.003000
0.003000
0.003000
0.002000
0.002000
0.004000
0.004000
0.004000
0.004000
0.004000
0.005000
0.006000
0.006000
0.006000
0.007000
0.006000
0.007000
0.007000
0.009000
0.009000
0.009000
0.010000
0.011000
0.011000
0.012000
0.013000
0.013000
0.013000
0.015000
0.015000
0.015000
0.017000
0.017000
0.018000
0.018000
0.019000
0.020000
0.021000
0.022000
0.028000
0.024000
0.023000
0.028000
0.027000
0.027000
0.028000
0.029000
0.031000
0.032000
0.032000
0.034000
0.034000
0.035000
0.037000
0.036000
0.039000
0.040000
0.041000
0.041000
0.043000
0.044000
0.045000
0.046000
0.047000
0.048000
0.050000
0.051000
0.053000
0.054000
0.055000
0.056000
0.058000
0.059000
0.061000
0.061000
0.063000
0.065000
0.067000
0.068000
0.070000
0.071000
0.072000
0.074000
0.075000
0.077000
0.079000
0.079000
0.083000
0.084000
0.086000
0.087000
0.089000
0.090000
0.094000
0.094000
0.096000
0.098000
0.098000
0.100000
0.101000
0.105000
0.109000
0.109000
0.109000
0.112000
0.113000
0.116000
0.117000
0.119000
0.122000
0.123000
0.125000
0.126000
0.127000
0.131000
0.132000
0.136000
0.135000
0.136000
0.142000
0.142000
0.142000
0.147000
0.150000
0.150000
0.152000
0.156000
0.159000
0.162000
0.163000
0.167000
0.165000
0.170000
0.174000
0.173000
0.176000
0.179000
0.182000
0.184000
0.183000
0.185000
0.189000
0.194000
0.195000
0.197000
0.200000
0.203000
0.205000
0.208000
0.211000
0.214000
0.216000
0.215000
0.219000
0.222000
0.225000
0.228000
0.231000
0.232000
0.240000
0.240000
0.241000
0.246000
0.249000
0.249000
0.253000
0.257000
0.259000
0.263000
0.267000
0.270000
0.270000
0.274000
0.276000
0.280000
0.281000
0.285000
0.291000
0.292000
0.295000
0.299000
0.300000
0.303000
0.306000
0.310000
0.307000
0.315000
0.322000
0.324000
0.336000
0.330000
0.337000
0.337000
0.339000
0.349000
0.352000
0.349000
0.361000
0.369000
0.359000
0.372000
0.371000
0.376000
0.374000
0.381000
0.378000
0.384000
0.382000
0.384000
0.392000
0.395000
0.400000
0.404000
0.403000
0.410000
0.415000
0.416000
0.421000
0.422000
0.423000
0.432000
0.429000
0.440000
0.443000
0.445000
0.451000
0.452000
0.459000
0.455000
0.466000
0.468000
0.470000
0.476000
0.478000
0.488000
0.487000
0.493000
0.498000
0.500000
0.504000
0.509000
0.516000
0.520000
0.523000
0.519000
0.530000
0.534000
0.537000
0.540000
0.549000
0.550000
0.554000
0.562000
0.564000
0.566000
0.571000
0.574000
0.576000
0.586000
0.586000
0.594000
0.595000
0.601000
0.601000
0.613000
0.616000
0.618000
0.625000
0.627000
0.630000
0.636000
0.640000
0.637000
0.646000
0.648000
0.659000
0.664000
0.660000
0.674000
0.671000
0.674000
0.686000
0.692000
0.687000
0.693000
0.703000
0.698000
0.713000
0.718000
0.711000
0.728000
0.734000
0.740000
0.744000
0.748000
0.752000
0.759000
0.764000
0.769000
0.774000
0.780000
0.783000
0.790000
0.793000
0.791000
0.798000
0.806000
0.812000
0.826000
0.817000
0.826000
0.832000
0.836000
0.845000
0.848000
0.842000
0.856000
0.864000
0.871000
0.879000
0.885000
0.884000
0.892000
0.898000
0.906000
0.912000
0.910000
0.915000
0.921000
0.928000
0.933000
0.939000
0.953000
0.949000
0.960000
0.962000
0.972000
0.991000
0.999000
0.999000
1.010000
1.007000
1.038000
1.060000
1.079000
1.080000
1.086000
1.096000
1.092000
1.082000
1.100000
1.106000
1.110000
1.123000
1.131000
1.132000
1.139000
1.136000
1.140000
1.153000
1.140000
1.172000
1.173000
1.126000
1.132000
1.120000
1.126000
1.125000
1.139000
1.157000
1.164000
1.161000
1.176000
1.165000
1.182000
1.189000
1.195000
1.203000
1.204000
1.208000
1.217000
1.233000
1.226000
1.226000
1.245000
1.257000
1.268000
1.264000
1.283000
1.289000
1.290000
1.300000
1.301000
1.312000
1.316000
1.318000
1.317000
1.326000
1.335000
1.341000
1.352000
1.365000
1.372000
1.371000
1.414000
1.404000
1.404000
1.401000
1.406000
1.396000
1.422000
1.431000
1.414000
1.437000
1.455000
1.507000
1.513000
1.531000
1.499000
1.475000
1.488000
1.490000
1.497000
1.501000
1.528000
1.561000
1.523000
1.540000
1.539000
1.514000
1.552000
1.555000
1.582000
1.579000
1.598000
1.586000
1.591000
1.599000
1.606000
1.613000
1.619000
1.624000
1.633000
1.646000
1.651000
1.698000
1.744000
1.806000
1.795000
1.728000
1.727000
1.901000
1.909000
1.829000
1.802000
1.827000
1.776000
1.812000
1.790000
1.787000
1.809000
1.811000
1.809000
1.878000
1.891000
1.917000
1.862000
1.878000
1.938000
1.924000
1.916000
1.884000
1.896000
1.922000
1.944000
1.944000
1.957000
1.964000
1.940000
1.957000
1.940000
2.015000
2.029000
2.035000
2.017000
2.033000
2.041000
2.056000
2.085000
2.041000
2.038000
2.034000
2.031000
2.043000
2.061000
2.042000
2.070000
2.056000
2.066000
2.077000
2.131000
2.117000
2.107000
2.145000
2.135000
2.124000
2.132000
2.142000
2.149000
2.154000
2.162000
2.208000
2.201000
2.189000
2.196000
2.198000
2.196000
2.221000
2.234000
2.239000
2.248000
2.220000
2.262000
2.273000
2.289000
2.292000
2.297000
2.306000
2.317000
2.323000
2.330000
2.373000
2.373000
2.400000
2.421000
2.435000
2.413000
2.422000
2.416000
2.490000
2.529000
2.511000
2.498000
2.508000
2.543000
2.517000
2.503000
2.539000
2.577000
2.598000
2.616000
2.581000
2.598000
2.612000
2.594000
2.564000
2.606000
2.665000
2.616000
2.638000
2.660000
2.613000
2.614000
2.639000
2.684000
2.684000
2.722000
2.725000
2.722000
2.716000
2.732000
2.740000
2.790000
2.750000
2.728000
2.753000
2.837000
2.803000
2.838000
2.854000
2.837000
2.841000
2.823000
2.854000
2.856000
2.903000
2.911000
2.928000
2.919000
2.925000
2.931000
2.990000
2.937000
2.913000
2.912000
2.988000
2.975000
2.987000
3.016000
3.018000
3.109000
3.040000
3.040000
3.044000
3.093000
3.072000
3.042000
3.116000
3.104000
3.120000
3.098000
3.126000
3.088000
3.089000
3.114000
3.117000
3.102000
3.108000
3.148000
3.187000
3.125000
3.176000
3.187000
3.199000
3.211000
3.215000
3.225000
3.160000
3.250000
3.257000
3.270000
3.298000
3.286000
3.300000
3.309000
3.312000
3.332000
3.339000
3.349000
3.358000
3.369000
3.388000
3.392000
3.432000
3.413000
3.423000
3.431000
3.387000
3.456000
3.462000
3.475000
5.908000
3.493000
3.503000
3.463000
3.524000
3.533000
3.548000
3.555000
3.569000
3.580000
3.639000
3.617000
3.636000
3.629000
3.629000
3.642000
3.649000
3.584000
3.670000
3.706000
3.699000
3.705000
3.701000
3.724000
3.798000
3.744000
3.759000
3.792000
3.802000
3.778000
3.829000
3.854000
3.840000
3.835000
3.815000
3.832000
3.874000
3.891000
3.897000
3.900000
3.885000
3.928000
3.937000
3.953000
3.961000
3.971000
3.992000
3.991000
4.002000
4.018000
4.026000
4.054000
4.046000
4.066000
4.068000
4.165000
4.313000
4.241000
4.296000
4.216000
4.223000
4.231000
4.248000
4.248000
4.301000
4.284000
4.293000
4.303000
4.323000
4.325000
4.335000
4.361000
4.372000
4.371000
4.407000
4.402000
4.410000
4.455000
4.457000
4.448000
4.485000
4.468000
4.488000
4.491000
4.503000
4.549000
4.529000
4.561000
4.561000
4.563000
4.600000
4.599000
4.600000
4.632000
4.635000
4.652000
4.658000
4.662000
4.682000
4.695000
4.704000
4.714000
4.738000
4.742000
4.776000
4.771000
4.781000
4.791000
4.798000
4.812000
4.836000
4.871000
4.856000
4.874000
4.926000
4.894000
4.905000
5.073000
4.968000
5.017000
5.018000
5.005000
5.006000
5.030000
5.043000
5.073000
5.063000
5.093000
5.083000
5.101000
5.116000
5.122000
5.162000
5.211000
5.168000
5.175000
5.212000
5.196000
5.231000
5.238000
5.261000
5.246000
5.276000
5.274000
5.296000
5.316000
5.357000
5.342000
5.405000
5.357000
5.362000
5.387000
5.401000
5.430000
5.448000
5.434000
5.443000
5.511000
5.469000
5.531000
5.533000
5.526000
5.524000
5.573000
5.556000
5.575000
5.603000
5.591000
5.668000
5.735000
5.737000
5.667000
5.674000
5.684000
5.706000
5.715000
5.757000
5.763000
5.767000
5.763000
5.793000
5.781000
5.820000
5.814000
5.877000
5.880000
5.849000
5.968000
5.930000
6.501000
11.212000
9.842000
6.160000
6.431000
8.678000
8.018000
6.683000
6.081000
6.004000
6.043000
6.032000
6.140000
6.107000
6.069000
6.130000
6.099000
6.249000
6.300000
6.135000
6.302000
6.174000
6.229000
6.187000
6.214000
6.166000
6.257000
6.399000
6.409000
6.287000
6.310000
6.274000
6.206000
6.203000
6.196000
6.229000
6.252000
6.186000
6.319000
6.247000
6.528000
6.589000
6.474000
6.487000
6.512000
6.541000
6.633000
6.540000
6.548000
6.568000
6.597000
6.822000
6.728000
6.716000
6.854000
6.918000
6.775000
6.736000
6.704000
6.907000
6.677000
6.793000
6.676000
6.936000
6.993000
7.039000
7.023000
6.800000
6.789000
6.961000
6.952000
6.759000
6.768000
7.035000
7.085000
7.034000
7.143000
7.160000
7.466000
7.202000
7.352000
7.163000
7.156000
7.339000
6.995000
7.364000
7.543000
7.489000
7.625000
7.418000
7.357000
7.412000
7.492000
7.445000
8.042000
7.614000
7.417000
7.765000
7.494000
7.351000
7.386000
7.319000
7.568000
10.558000
8.199000
7.541000
7.535000
7.470000
7.492000
7.487000
7.823000
7.745000
7.581000
7.619000
7.546000
7.805000
7.924000
9.050000
7.574000
7.707000
7.612000
7.561000
7.555000
7.545000
7.555000
7.570000
7.639000
7.643000
7.614000
7.662000
7.721000
7.678000
7.666000
7.703000
7.704000
7.861000
8.142000
7.936000
8.184000
8.296000
8.319000
8.250000
8.029000
8.072000
8.039000
8.063000
8.092000
